 In round          2 convergence =  0.964449707816E-14
 delta convergence =   10.0000000000    
-2logL =       0.15810101-321 : AIC =        24.000000    
Genetic variance(s) for effect  2       
   0.0000       0.0000       0.0000       0.0000    
   0.0000       1152.4     -0.70908      -308.05    
   0.0000     -0.70908      0.37269      -2.4207    
   0.0000      -308.05      -2.4207       450.76    
  correlations
   0.0000       0.0000       0.0000       0.0000    
   0.0000       1.0000     -0.34215E-01 -0.42741    
   0.0000     -0.34215E-01   1.0000     -0.18676    
   0.0000     -0.42741     -0.18676       1.0000    
  eigenvectors
   1.0000       0.0000       0.0000       0.0000    
   0.0000     -0.25119E-02  0.35253     -0.93580    
   0.0000     -0.99997     -0.75225E-02 -0.14971E-03
   0.0000     -0.70923E-02  0.93577      0.35254    
  eigenvalues
   0.0000      0.35374       334.73       1268.5    
Genetic variance(s) for effect  4       
  0.41413E-01 -0.73249    
 -0.73249       449.04    
  correlations
   1.0000     -0.16986    
 -0.16986       1.0000    
  eigenvectors
  -1.0000     -0.16314E-02
 -0.16314E-02   1.0000    
  eigenvalues
  0.40218E-01   449.04    
Residual variance(s)
  0.53284      0.81746    
  0.81746       1997.4    
  correlations
   1.0000      0.25057E-01
  0.25057E-01   1.0000    
  eigenvectors
  -1.0000      0.40937E-03
  0.40937E-03   1.0000    
  eigenvalues
  0.53250       1997.4    
* Warning * may need to increase # samples     0    12
  
Sampling variances of covariances function of random effects (n=1000000)
  
hmwm  - Fucntion: g_3_3_1_2/(g_3_3_1_1*g_3_3_2_2)^0.5
  Mean:  -0.18676    
  Sample Mean:  -0.18676    
  Sample SD:           NaN
  
wmwd  - Fucntion: g_2_3_2_2/(g_2_2_2_2*g_3_3_2_2)^0.5
  Mean:  -0.42741    
  Sample Mean:  -0.42741    
  Sample SD:           NaN
  
wdhm  - Fucntion: g_2_3_2_1/(g_2_2_2_2*g_3_3_1_1)^0.5
  Mean:  -0.34215E-01
  Sample Mean:  -0.34215E-01
  Sample SD:   0.11824E-06
