 In round         21 convergence =  0.191778547241E-12
 delta convergence =  0.916061225507E-04
-2logL =        294828.69     : AIC =        294852.69    
Genetic variance(s) for effect  2       
   0.0000       0.0000       0.0000       0.0000    
   0.0000       1153.3     -0.72160      -307.17    
   0.0000     -0.72160      0.37145      -2.3956    
   0.0000      -307.17      -2.3956       450.99    
  correlations
   0.0000       0.0000       0.0000       0.0000    
   0.0000       1.0000     -0.34864E-01 -0.42592    
   0.0000     -0.34864E-01   1.0000     -0.18509    
   0.0000     -0.42592     -0.18509       1.0000    
  eigenvectors
   1.0000       0.0000       0.0000       0.0000    
   0.0000     -0.24953E-02  0.35166     -0.93612    
   0.0000     -0.99997     -0.74460E-02 -0.13163E-03
   0.0000     -0.70167E-02  0.93610      0.35167    
  eigenvalues
   0.0000      0.35284       335.62       1268.7    
Genetic variance(s) for effect  4       
  0.52275E-01 -0.75405    
 -0.75405       449.91    
  correlations
   1.0000     -0.15549    
 -0.15549       1.0000    
  eigenvectors
  -1.0000     -0.16762E-02
 -0.16762E-02   1.0000    
  eigenvalues
  0.51012E-01   449.91    
Residual variance(s)
  0.52224       1.0178    
   1.0178       1994.8    
  correlations
   1.0000      0.31534E-01
  0.31534E-01   1.0000    
  eigenvectors
  -1.0000      0.51037E-03
  0.51037E-03   1.0000    
  eigenvalues
  0.52172       1994.8    
inverse of AI matrix (Sampling Variance)
   7081.9      -2.3120      -2854.8      0.15984E-04   1.4336       1019.1      0.38003E-04 -0.11982       39.320     -0.78462E-04  0.10151      -3615.6    
  -2.3120       1.2932      -2.8458     -0.84127E-03 -0.61660       3.7178      0.33982E-03  0.17012E-01 -0.46757      0.16110E-04 -0.67511E-02   1.1455    
  -2854.8      -2.8458       2827.7      0.11325E-02  0.63907      -1939.5     -0.29862E-03  0.27947      -12.340      0.87333E-05 -0.42003E-01   1477.6    
  0.15984E-04 -0.84127E-03  0.11325E-02  0.44156E-03 -0.15827E-02  0.56273E-02 -0.19162E-03  0.74667E-03 -0.24082E-02 -0.11377E-04  0.76492E-05 -0.24057E-03
   1.4336     -0.61660      0.63907     -0.15827E-02  0.73603      -4.6823      0.57348E-03 -0.24235       1.9500      0.35291E-05 -0.90320E-03 -0.64114    
   1019.1       3.7178      -1939.5      0.56273E-02  -4.6823       2732.8     -0.18006E-02   1.4477      -719.92      0.99195E-05 -0.20868E-01  -564.78    
  0.38003E-04  0.33982E-03 -0.29862E-03 -0.19162E-03  0.57348E-03 -0.18006E-02  0.19172E-03 -0.51521E-03  0.10620E-02 -0.48809E-04 -0.42933E-05  0.97252E-05
 -0.11982      0.17012E-01  0.27947      0.74667E-03 -0.24235       1.4477     -0.51521E-03  0.29876      -1.3988     -0.30582E-04 -0.81862E-01  0.64775E-01
   39.320     -0.46757      -12.340     -0.24082E-02   1.9500      -719.92      0.10620E-02  -1.3988       976.37     -0.70903E-05  0.25648E-01  -240.55    
 -0.78462E-04  0.16110E-04  0.87333E-05 -0.11377E-04  0.35291E-05  0.99195E-05 -0.48809E-04 -0.30582E-04 -0.70903E-05  0.93627E-04  0.11504E-03  0.59318E-04
  0.10151     -0.67511E-02 -0.42003E-01  0.76492E-05 -0.90320E-03 -0.20868E-01 -0.42933E-05 -0.81862E-01  0.25648E-01  0.11504E-03  0.31042      0.11086    
  -3615.6       1.1455       1477.6     -0.24057E-03 -0.64114      -564.78      0.97252E-05  0.64775E-01  -240.55      0.59318E-04  0.11086       2405.5    
Correlations from inverse of AI matrix
   1.0000     -0.24160E-01 -0.63794      0.90389E-05  0.19856E-01  0.23165      0.32615E-04 -0.26049E-02  0.14953E-01 -0.96357E-04  0.21651E-02 -0.87601    
 -0.24160E-01   1.0000     -0.47062E-01 -0.35206E-01 -0.63202      0.62540E-01  0.21582E-01  0.27370E-01 -0.13159E-01  0.14641E-02 -0.10655E-01  0.20539E-01
 -0.63794     -0.47062E-01   1.0000      0.10135E-02  0.14008E-01 -0.69770     -0.40558E-03  0.96151E-02 -0.74265E-02  0.16973E-04 -0.14177E-02  0.56654    
  0.90389E-05 -0.35206E-01  0.10135E-02   1.0000     -0.87792E-01  0.51227E-02 -0.65858      0.65008E-01 -0.36676E-02 -0.55955E-01  0.65334E-03 -0.23342E-03
  0.19856E-01 -0.63202      0.14008E-01 -0.87792E-01   1.0000     -0.10440      0.48276E-01 -0.51681      0.72741E-01  0.42512E-03 -0.18896E-02 -0.15237E-01
  0.23165      0.62540E-01 -0.69770      0.51227E-02 -0.10440       1.0000     -0.24875E-02  0.50664E-01 -0.44073      0.19610E-04 -0.71649E-03 -0.22028    
  0.32615E-04  0.21582E-01 -0.40558E-03 -0.65858      0.48276E-01 -0.24875E-02   1.0000     -0.68075E-01  0.24545E-02 -0.36431     -0.55652E-03  0.14321E-04
 -0.26049E-02  0.27370E-01  0.96151E-02  0.65008E-01 -0.51681      0.50664E-01 -0.68075E-01   1.0000     -0.81899E-01 -0.57822E-02 -0.26881      0.24162E-02
  0.14953E-01 -0.13159E-01 -0.74265E-02 -0.36676E-02  0.72741E-01 -0.44073      0.24545E-02 -0.81899E-01   1.0000     -0.23451E-04  0.14732E-02 -0.15696    
 -0.96357E-04  0.14641E-02  0.16973E-04 -0.55955E-01  0.42512E-03  0.19610E-04 -0.36431     -0.57822E-02 -0.23451E-04   1.0000      0.21339E-01  0.12499E-03
  0.21651E-02 -0.10655E-01 -0.14177E-02  0.65334E-03 -0.18896E-02 -0.71649E-03 -0.55652E-03 -0.26881      0.14732E-02  0.21339E-01   1.0000      0.40570E-02
 -0.87601      0.20539E-01  0.56654     -0.23342E-03 -0.15237E-01 -0.22028      0.14321E-04  0.24162E-02 -0.15696      0.12499E-03  0.40570E-02   1.0000    
SE for G
   0.0000       0.0000       0.0000       0.0000    
   0.0000       84.154       1.1372       53.176    
   0.0000       1.1372      0.21013E-01  0.85792    
   0.0000       53.176      0.85792       52.276    
SE for G
  0.13846E-01  0.54659    
  0.54659       31.247    
SE for R
  0.96761E-02  0.55716    
  0.55716       49.046    
